# 3ds Max Wavefront OBJ Exporter v0.97b - (c)2007 guruware
# File Created: 02.09.2017 14:35:13

mtllib Piramid.mtl

#
# object Box18262
#

v  87.3372 83.3125 118.5465
v  83.4824 83.3125 136.3339
v  78.6628 83.3125 135.2894
v  82.5176 83.3125 117.5020
v  87.3372 90.3214 118.5465
v  82.5176 90.3214 117.5020
v  78.6628 90.3214 135.2894
v  83.4824 90.3214 136.3339
# 8 vertices

vn 0.0000 -1.0000 -0.0000
vn 0.0000 1.0000 -0.0000
vn 0.2118 0.0000 -0.9773
vn -0.9773 0.0000 -0.2118
vn -0.2118 0.0000 0.9773
vn 0.9773 0.0000 0.2118
# 6 vertex normals

vt 1.0000 0.0000 0.0000
vt 1.0000 1.0000 0.0000
vt 0.0000 1.0000 0.0000
vt 0.0000 0.0000 0.0000
# 4 texture coords

g Box18262
usemtl _crayfishdiffuse
s off
f -8/-4/-6 -7/-3/-6 -6/-2/-6 -5/-1/-6 
f -4/-1/-5 -3/-4/-5 -2/-3/-5 -1/-2/-5 
f -8/-1/-4 -5/-4/-4 -3/-3/-4 -4/-2/-4 
f -5/-1/-3 -6/-4/-3 -2/-3/-3 -3/-2/-3 
f -6/-1/-2 -7/-4/-2 -1/-3/-2 -2/-2/-2 
f -7/-1/-1 -8/-4/-1 -4/-3/-1 -1/-2/-1 
# 6 polygons

#
# object Box18263
#

v  112.1127 15.3320 -43.1204
v  136.6545 15.3320 -37.8017
v  135.0748 15.3320 -30.5124
v  110.5330 15.3320 -35.8311
v  112.1127 22.5491 -43.1204
v  110.5330 22.5491 -35.8311
v  135.0748 22.5491 -30.5124
v  136.6545 22.5491 -37.8017
# 8 vertices

vn 0.0000 -1.0000 -0.0000
vn 0.0000 1.0000 -0.0000
vn -0.9773 0.0000 -0.2118
vn -0.2118 0.0000 0.9773
vn 0.9773 0.0000 0.2118
vn 0.2118 0.0000 -0.9773
# 6 vertex normals

vt 1.0000 0.0000 0.0000
vt 1.0000 1.0000 0.0000
vt 0.0000 1.0000 0.0000
vt 0.0000 0.0000 0.0000
# 4 texture coords

g Box18263
usemtl _crayfishdiffuse
s off
f -8/-4/-6 -7/-3/-6 -6/-2/-6 -5/-1/-6 
f -4/-1/-5 -3/-4/-5 -2/-3/-5 -1/-2/-5 
f -8/-1/-4 -5/-4/-4 -3/-3/-4 -4/-2/-4 
f -5/-1/-3 -6/-4/-3 -2/-3/-3 -3/-2/-3 
f -6/-1/-2 -7/-4/-2 -1/-3/-2 -2/-2/-2 
f -7/-1/-1 -8/-4/-1 -4/-3/-1 -1/-2/-1 
# 6 polygons

#
# object Box18264
#

v  187.2533 15.3320 -26.8313
v  211.7952 15.3320 -21.5126
v  210.2154 15.3320 -14.2234
v  185.6736 15.3320 -19.5421
v  187.2533 22.5491 -26.8313
v  185.6736 22.5491 -19.5421
v  210.2154 22.5491 -14.2234
v  211.7952 22.5491 -21.5126
# 8 vertices

vn 0.0000 -1.0000 -0.0000
vn 0.0000 1.0000 -0.0000
vn -0.9773 0.0000 -0.2118
vn -0.2118 0.0000 0.9773
vn 0.9773 0.0000 0.2118
vn 0.2118 0.0000 -0.9773
# 6 vertex normals

vt 1.0000 0.0000 0.0000
vt 1.0000 1.0000 0.0000
vt 0.0000 1.0000 0.0000
vt 0.0000 0.0000 0.0000
# 4 texture coords

g Box18264
usemtl _crayfishdiffuse
s off
f -8/-4/-6 -7/-3/-6 -6/-2/-6 -5/-1/-6 
f -4/-1/-5 -3/-4/-5 -2/-3/-5 -1/-2/-5 
f -8/-1/-4 -5/-4/-4 -3/-3/-4 -4/-2/-4 
f -5/-1/-3 -6/-4/-3 -2/-3/-3 -3/-2/-3 
f -6/-1/-2 -7/-4/-2 -1/-3/-2 -2/-2/-2 
f -7/-1/-1 -8/-4/-1 -4/-3/-1 -1/-2/-1 
# 6 polygons

#
# object Box18265
#

v  137.1596 15.3320 -37.6907
v  161.7014 15.3320 -32.3720
v  160.1217 15.3320 -25.0827
v  135.5798 15.3320 -30.4014
v  137.1596 22.5491 -37.6907
v  135.5798 22.5491 -30.4014
v  160.1217 22.5491 -25.0827
v  161.7014 22.5491 -32.3720
# 8 vertices

vn 0.0000 -1.0000 -0.0000
vn 0.0000 1.0000 -0.0000
vn -0.9773 0.0000 -0.2118
vn -0.2118 0.0000 0.9773
vn 0.9773 0.0000 0.2118
vn 0.2118 0.0000 -0.9773
# 6 vertex normals

vt 1.0000 0.0000 0.0000
vt 1.0000 1.0000 0.0000
vt 0.0000 1.0000 0.0000
vt 0.0000 0.0000 0.0000
# 4 texture coords

g Box18265
usemtl _crayfishdiffuse
s off
f -8/-4/-6 -7/-3/-6 -6/-2/-6 -5/-1/-6 
f -4/-1/-5 -3/-4/-5 -2/-3/-5 -1/-2/-5 
f -8/-1/-4 -5/-4/-4 -3/-3/-4 -4/-2/-4 
f -5/-1/-3 -6/-4/-3 -2/-3/-3 -3/-2/-3 
f -6/-1/-2 -7/-4/-2 -1/-3/-2 -2/-2/-2 
f -7/-1/-1 -8/-4/-1 -4/-3/-1 -1/-2/-1 
# 6 polygons

#
# object Box18266
#

v  162.1908 15.3320 -32.2610
v  186.7327 15.3320 -26.9423
v  185.1529 15.3320 -19.6531
v  160.6111 15.3320 -24.9718
v  162.1908 22.5491 -32.2610
v  160.6111 22.5491 -24.9718
v  185.1529 22.5491 -19.6531
v  186.7327 22.5491 -26.9423
# 8 vertices

vn 0.0000 -1.0000 -0.0000
vn 0.0000 1.0000 -0.0000
vn -0.9773 0.0000 -0.2118
vn -0.2118 0.0000 0.9773
vn 0.9773 0.0000 0.2118
vn 0.2118 0.0000 -0.9773
# 6 vertex normals

vt 1.0000 0.0000 0.0000
vt 1.0000 1.0000 0.0000
vt 0.0000 1.0000 0.0000
vt 0.0000 0.0000 0.0000
# 4 texture coords

g Box18266
usemtl _crayfishdiffuse
s off
f -8/-4/-6 -7/-3/-6 -6/-2/-6 -5/-1/-6 
f -4/-1/-5 -3/-4/-5 -2/-3/-5 -1/-2/-5 
f -8/-1/-4 -5/-4/-4 -3/-3/-4 -4/-2/-4 
f -5/-1/-3 -6/-4/-3 -2/-3/-3 -3/-2/-3 
f -6/-1/-2 -7/-4/-2 -1/-3/-2 -2/-2/-2 
f -7/-1/-1 -8/-4/-1 -4/-3/-1 -1/-2/-1 
# 6 polygons

#
# object Box18267
#

v  275.1491 7.9004 257.3756
v  280.4678 7.9004 232.8337
v  287.7571 7.9004 234.4135
v  282.4384 7.9004 258.9553
v  275.1491 15.1174 257.3756
v  282.4384 15.1174 258.9553
v  287.7571 15.1174 234.4135
v  280.4678 15.1174 232.8337
# 8 vertices

vn 0.0000 -1.0000 -0.0000
vn 0.0000 1.0000 -0.0000
vn -0.2118 0.0000 0.9773
vn 0.9773 0.0000 0.2118
vn 0.2118 0.0000 -0.9773
vn -0.9773 0.0000 -0.2118
# 6 vertex normals

vt 1.0000 0.0000 0.0000
vt 1.0000 1.0000 0.0000
vt 0.0000 1.0000 0.0000
vt 0.0000 0.0000 0.0000
# 4 texture coords

g Box18267
usemtl _crayfishdiffuse
s off
f -8/-4/-6 -7/-3/-6 -6/-2/-6 -5/-1/-6 
f -4/-1/-5 -3/-4/-5 -2/-3/-5 -1/-2/-5 
f -8/-1/-4 -5/-4/-4 -3/-3/-4 -4/-2/-4 
f -5/-1/-3 -6/-4/-3 -2/-3/-3 -3/-2/-3 
f -6/-1/-2 -7/-4/-2 -1/-3/-2 -2/-2/-2 
f -7/-1/-1 -8/-4/-1 -4/-3/-1 -1/-2/-1 
# 6 polygons

#
# object Box18268
#

v  291.4304 7.9004 182.2428
v  296.7491 7.9004 157.7009
v  304.0384 7.9004 159.2807
v  298.7197 7.9004 183.8225
v  291.4304 15.1174 182.2428
v  298.7197 15.1174 183.8225
v  304.0384 15.1174 159.2807
v  296.7491 15.1174 157.7009
# 8 vertices

vn 0.0000 -1.0000 -0.0000
vn 0.0000 1.0000 -0.0000
vn -0.2118 0.0000 0.9773
vn 0.9773 0.0000 0.2118
vn 0.2118 0.0000 -0.9773
vn -0.9773 0.0000 -0.2118
# 6 vertex normals

vt 1.0000 0.0000 0.0000
vt 1.0000 1.0000 0.0000
vt 0.0000 1.0000 0.0000
vt 0.0000 0.0000 0.0000
# 4 texture coords

g Box18268
usemtl _crayfishdiffuse
s off
f -8/-4/-6 -7/-3/-6 -6/-2/-6 -5/-1/-6 
f -4/-1/-5 -3/-4/-5 -2/-3/-5 -1/-2/-5 
f -8/-1/-4 -5/-4/-4 -3/-3/-4 -4/-2/-4 
f -5/-1/-3 -6/-4/-3 -2/-3/-3 -3/-2/-3 
f -6/-1/-2 -7/-4/-2 -1/-3/-2 -2/-2/-2 
f -7/-1/-1 -8/-4/-1 -4/-3/-1 -1/-2/-1 
# 6 polygons

#
# object Box18269
#

v  280.5866 7.9004 232.3365
v  285.9053 7.9004 207.7947
v  293.1946 7.9004 209.3744
v  287.8759 7.9004 233.9163
v  280.5866 15.1174 232.3365
v  287.8759 15.1174 233.9163
v  293.1946 15.1174 209.3744
v  285.9053 15.1174 207.7947
# 8 vertices

vn 0.0000 -1.0000 -0.0000
vn 0.0000 1.0000 -0.0000
vn -0.2118 0.0000 0.9773
vn 0.9773 0.0000 0.2118
vn 0.2118 0.0000 -0.9773
vn -0.9773 0.0000 -0.2118
# 6 vertex normals

vt 1.0000 0.0000 0.0000
vt 1.0000 1.0000 0.0000
vt 0.0000 1.0000 0.0000
vt 0.0000 0.0000 0.0000
# 4 texture coords

g Box18269
usemtl _crayfishdiffuse
s off
f -8/-4/-6 -7/-3/-6 -6/-2/-6 -5/-1/-6 
f -4/-1/-5 -3/-4/-5 -2/-3/-5 -1/-2/-5 
f -8/-1/-4 -5/-4/-4 -3/-3/-4 -4/-2/-4 
f -5/-1/-3 -6/-4/-3 -2/-3/-3 -3/-2/-3 
f -6/-1/-2 -7/-4/-2 -1/-3/-2 -2/-2/-2 
f -7/-1/-1 -8/-4/-1 -4/-3/-1 -1/-2/-1 
# 6 polygons

#
# object Box18270
#

v  286.0241 7.9004 207.2818
v  291.3428 7.9004 182.7400
v  298.6321 7.9004 184.3197
v  293.3134 7.9004 208.8616
v  286.0241 15.1174 207.2818
v  293.3134 15.1174 208.8616
v  298.6321 15.1174 184.3197
v  291.3428 15.1174 182.7400
# 8 vertices

vn 0.0000 -1.0000 -0.0000
vn 0.0000 1.0000 -0.0000
vn -0.2118 0.0000 0.9773
vn 0.9773 0.0000 0.2118
vn 0.2118 0.0000 -0.9773
vn -0.9773 0.0000 -0.2118
# 6 vertex normals

vt 1.0000 0.0000 0.0000
vt 1.0000 1.0000 0.0000
vt 0.0000 1.0000 0.0000
vt 0.0000 0.0000 0.0000
# 4 texture coords

g Box18270
usemtl _crayfishdiffuse
s off
f -8/-4/-6 -7/-3/-6 -6/-2/-6 -5/-1/-6 
f -4/-1/-5 -3/-4/-5 -2/-3/-5 -1/-2/-5 
f -8/-1/-4 -5/-4/-4 -3/-3/-4 -4/-2/-4 
f -5/-1/-3 -6/-4/-3 -2/-3/-3 -3/-2/-3 
f -6/-1/-2 -7/-4/-2 -1/-3/-2 -2/-2/-2 
f -7/-1/-1 -8/-4/-1 -4/-3/-1 -1/-2/-1 
# 6 polygons

#
# object Box18271
#

v  308.6804 15.3320 80.7350
v  313.9991 15.3320 56.1931
v  321.2884 15.3320 57.7728
v  315.9697 15.3320 82.3147
v  308.6804 22.5491 80.7350
v  315.9697 22.5491 82.3147
v  321.2884 22.5491 57.7728
v  313.9991 22.5491 56.1931
# 8 vertices

vn 0.0000 -1.0000 -0.0000
vn 0.0000 1.0000 -0.0000
vn -0.2118 0.0000 0.9773
vn 0.9773 0.0000 0.2118
vn 0.2118 0.0000 -0.9773
vn -0.9773 0.0000 -0.2118
# 6 vertex normals

vt 1.0000 0.0000 0.0000
vt 1.0000 1.0000 0.0000
vt 0.0000 1.0000 0.0000
vt 0.0000 0.0000 0.0000
# 4 texture coords

g Box18271
usemtl _crayfishdiffuse
s off
f -8/-4/-6 -7/-3/-6 -6/-2/-6 -5/-1/-6 
f -4/-1/-5 -3/-4/-5 -2/-3/-5 -1/-2/-5 
f -8/-1/-4 -5/-4/-4 -3/-3/-4 -4/-2/-4 
f -5/-1/-3 -6/-4/-3 -2/-3/-3 -3/-2/-3 
f -6/-1/-2 -7/-4/-2 -1/-3/-2 -2/-2/-2 
f -7/-1/-1 -8/-4/-1 -4/-3/-1 -1/-2/-1 
# 6 polygons

#
# object Box18272
#

v  324.1491 7.9004 31.4147
v  329.4678 7.9004 6.8728
v  336.7571 7.9004 8.4525
v  331.4384 7.9004 32.9944
v  324.1491 15.1174 31.4147
v  331.4384 15.1174 32.9944
v  336.7571 15.1174 8.4525
v  329.4678 15.1174 6.8728
# 8 vertices

vn 0.0000 -1.0000 -0.0000
vn 0.0000 1.0000 -0.0000
vn -0.2118 0.0000 0.9773
vn 0.9773 0.0000 0.2118
vn 0.2118 0.0000 -0.9773
vn -0.9773 0.0000 -0.2118
# 6 vertex normals

vt 1.0000 0.0000 0.0000
vt 1.0000 1.0000 0.0000
vt 0.0000 1.0000 0.0000
vt 0.0000 0.0000 0.0000
# 4 texture coords

g Box18272
usemtl _crayfishdiffuse
s off
f -8/-4/-6 -7/-3/-6 -6/-2/-6 -5/-1/-6 
f -4/-1/-5 -3/-4/-5 -2/-3/-5 -1/-2/-5 
f -8/-1/-4 -5/-4/-4 -3/-3/-4 -4/-2/-4 
f -5/-1/-3 -6/-4/-3 -2/-3/-3 -3/-2/-3 
f -6/-1/-2 -7/-4/-2 -1/-3/-2 -2/-2/-2 
f -7/-1/-1 -8/-4/-1 -4/-3/-1 -1/-2/-1 
# 6 polygons

#
# object Box18273
#

v  307.7429 7.9004 107.1178
v  313.0616 7.9004 82.5759
v  320.3509 7.9004 84.1557
v  315.0322 7.9004 108.6975
v  307.7429 15.1174 107.1178
v  315.0322 15.1174 108.6975
v  320.3509 15.1174 84.1557
v  313.0616 15.1174 82.5759
# 8 vertices

vn 0.0000 -1.0000 -0.0000
vn 0.0000 1.0000 -0.0000
vn -0.2118 0.0000 0.9773
vn 0.9773 0.0000 0.2118
vn 0.2118 0.0000 -0.9773
vn -0.9773 0.0000 -0.2118
# 6 vertex normals

vt 1.0000 0.0000 0.0000
vt 1.0000 1.0000 0.0000
vt 0.0000 1.0000 0.0000
vt 0.0000 0.0000 0.0000
# 4 texture coords

g Box18273
usemtl _crayfishdiffuse
s off
f -8/-4/-6 -7/-3/-6 -6/-2/-6 -5/-1/-6 
f -4/-1/-5 -3/-4/-5 -2/-3/-5 -1/-2/-5 
f -8/-1/-4 -5/-4/-4 -3/-3/-4 -4/-2/-4 
f -5/-1/-3 -6/-4/-3 -2/-3/-3 -3/-2/-3 
f -6/-1/-2 -7/-4/-2 -1/-3/-2 -2/-2/-2 
f -7/-1/-1 -8/-4/-1 -4/-3/-1 -1/-2/-1 
# 6 polygons

#
# object Box18274
#

v  297.7741 15.3320 131.1725
v  303.0928 15.3320 106.6306
v  310.3821 15.3320 108.2103
v  305.0634 15.3320 132.7522
v  297.7741 22.5491 131.1725
v  305.0634 22.5491 132.7522
v  310.3821 22.5491 108.2103
v  303.0928 22.5491 106.6306
# 8 vertices

vn 0.0000 -1.0000 -0.0000
vn 0.0000 1.0000 -0.0000
vn -0.2118 0.0000 0.9773
vn 0.9773 0.0000 0.2118
vn 0.2118 0.0000 -0.9773
vn -0.9773 0.0000 -0.2118
# 6 vertex normals

vt 1.0000 0.0000 0.0000
vt 1.0000 1.0000 0.0000
vt 0.0000 1.0000 0.0000
vt 0.0000 0.0000 0.0000
# 4 texture coords

g Box18274
usemtl _crayfishdiffuse
s off
f -8/-4/-6 -7/-3/-6 -6/-2/-6 -5/-1/-6 
f -4/-1/-5 -3/-4/-5 -2/-3/-5 -1/-2/-5 
f -8/-1/-4 -5/-4/-4 -3/-3/-4 -4/-2/-4 
f -5/-1/-3 -6/-4/-3 -2/-3/-3 -3/-2/-3 
f -6/-1/-2 -7/-4/-2 -1/-3/-2 -2/-2/-2 
f -7/-1/-1 -8/-4/-1 -4/-3/-1 -1/-2/-1 
# 6 polygons

#
# object Box18275
#

v  281.4929 15.3320 206.2897
v  286.8116 15.3320 181.7478
v  294.1009 15.3320 183.3275
v  288.7822 15.3320 207.8694
v  281.4929 22.5491 206.2897
v  288.7822 22.5491 207.8694
v  294.1009 22.5491 183.3275
v  286.8116 22.5491 181.7478
# 8 vertices

vn 0.0000 -1.0000 -0.0000
vn 0.0000 1.0000 -0.0000
vn -0.2118 0.0000 0.9773
vn 0.9773 0.0000 0.2118
vn 0.2118 0.0000 -0.9773
vn -0.9773 0.0000 -0.2118
# 6 vertex normals

vt 1.0000 0.0000 0.0000
vt 1.0000 1.0000 0.0000
vt 0.0000 1.0000 0.0000
vt 0.0000 0.0000 0.0000
# 4 texture coords

g Box18275
usemtl _crayfishdiffuse
s off
f -8/-4/-6 -7/-3/-6 -6/-2/-6 -5/-1/-6 
f -4/-1/-5 -3/-4/-5 -2/-3/-5 -1/-2/-5 
f -8/-1/-4 -5/-4/-4 -3/-3/-4 -4/-2/-4 
f -5/-1/-3 -6/-4/-3 -2/-3/-3 -3/-2/-3 
f -6/-1/-2 -7/-4/-2 -1/-3/-2 -2/-2/-2 
f -7/-1/-1 -8/-4/-1 -4/-3/-1 -1/-2/-1 
# 6 polygons

#
# object Box18276
#

v  276.0554 15.3320 231.3522
v  281.3741 15.3320 206.8103
v  288.6634 15.3320 208.3900
v  283.3447 15.3320 232.9319
v  276.0554 22.5491 231.3522
v  283.3447 22.5491 232.9319
v  288.6634 22.5491 208.3900
v  281.3741 22.5491 206.8103
# 8 vertices

vn 0.0000 -1.0000 -0.0000
vn 0.0000 1.0000 -0.0000
vn -0.2118 0.0000 0.9773
vn 0.9773 0.0000 0.2118
vn 0.2118 0.0000 -0.9773
vn -0.9773 0.0000 -0.2118
# 6 vertex normals

vt 1.0000 0.0000 0.0000
vt 1.0000 1.0000 0.0000
vt 0.0000 1.0000 0.0000
vt 0.0000 0.0000 0.0000
# 4 texture coords

g Box18276
usemtl _crayfishdiffuse
s off
f -8/-4/-6 -7/-3/-6 -6/-2/-6 -5/-1/-6 
f -4/-1/-5 -3/-4/-5 -2/-3/-5 -1/-2/-5 
f -8/-1/-4 -5/-4/-4 -3/-3/-4 -4/-2/-4 
f -5/-1/-3 -6/-4/-3 -2/-3/-3 -3/-2/-3 
f -6/-1/-2 -7/-4/-2 -1/-3/-2 -2/-2/-2 
f -7/-1/-1 -8/-4/-1 -4/-3/-1 -1/-2/-1 
# 6 polygons

#
# object Box18277
#

v  319.6023 15.3320 30.4303
v  324.9210 15.3320 5.8884
v  332.2102 15.3320 7.4682
v  326.8915 15.3320 32.0100
v  319.6023 22.5491 30.4303
v  326.8915 22.5491 32.0100
v  332.2102 22.5491 7.4682
v  324.9210 22.5491 5.8884
# 8 vertices

vn 0.0000 -1.0000 -0.0000
vn 0.0000 1.0000 -0.0000
vn -0.2118 0.0000 0.9773
vn 0.9773 0.0000 0.2118
vn 0.2118 0.0000 -0.9773
vn -0.9773 0.0000 -0.2118
# 6 vertex normals

vt 1.0000 0.0000 0.0000
vt 1.0000 1.0000 0.0000
vt 0.0000 1.0000 0.0000
vt 0.0000 0.0000 0.0000
# 4 texture coords

g Box18277
usemtl _crayfishdiffuse
s off
f -8/-4/-6 -7/-3/-6 -6/-2/-6 -5/-1/-6 
f -4/-1/-5 -3/-4/-5 -2/-3/-5 -1/-2/-5 
f -8/-1/-4 -5/-4/-4 -3/-3/-4 -4/-2/-4 
f -5/-1/-3 -6/-4/-3 -2/-3/-3 -3/-2/-3 
f -6/-1/-2 -7/-4/-2 -1/-3/-2 -2/-2/-2 
f -7/-1/-1 -8/-4/-1 -4/-3/-1 -1/-2/-1 
# 6 polygons

#
# object Box18278
#

v  303.2116 15.3320 106.1256
v  308.5303 15.3320 81.5837
v  315.8196 15.3320 83.1635
v  310.5009 15.3320 107.7053
v  303.2116 22.5491 106.1256
v  310.5009 22.5491 107.7053
v  315.8196 22.5491 83.1635
v  308.5303 22.5491 81.5837
# 8 vertices

vn 0.0000 -1.0000 -0.0000
vn 0.0000 1.0000 -0.0000
vn -0.2118 0.0000 0.9773
vn 0.9773 0.0000 0.2118
vn 0.2118 0.0000 -0.9773
vn -0.9773 0.0000 -0.2118
# 6 vertex normals

vt 1.0000 0.0000 0.0000
vt 1.0000 1.0000 0.0000
vt 0.0000 1.0000 0.0000
vt 0.0000 0.0000 0.0000
# 4 texture coords

g Box18278
usemtl _crayfishdiffuse
s off
f -8/-4/-6 -7/-3/-6 -6/-2/-6 -5/-1/-6 
f -4/-1/-5 -3/-4/-5 -2/-3/-5 -1/-2/-5 
f -8/-1/-4 -5/-4/-4 -3/-3/-4 -4/-2/-4 
f -5/-1/-3 -6/-4/-3 -2/-3/-3 -3/-2/-3 
f -6/-1/-2 -7/-4/-2 -1/-3/-2 -2/-2/-2 
f -7/-1/-1 -8/-4/-1 -4/-3/-1 -1/-2/-1 
# 6 polygons

#
# object Box18279
#

v  292.3366 15.3320 156.2193
v  297.6553 15.3320 131.6775
v  304.9446 15.3320 133.2572
v  299.6259 15.3320 157.7991
v  292.3366 22.5491 156.2193
v  299.6259 22.5491 157.7991
v  304.9446 22.5491 133.2572
v  297.6553 22.5491 131.6775
# 8 vertices

vn 0.0000 -1.0000 -0.0000
vn 0.0000 1.0000 -0.0000
vn -0.2118 0.0000 0.9773
vn 0.9773 0.0000 0.2118
vn 0.2118 0.0000 -0.9773
vn -0.9773 0.0000 -0.2118
# 6 vertex normals

vt 1.0000 0.0000 0.0000
vt 1.0000 1.0000 0.0000
vt 0.0000 1.0000 0.0000
vt 0.0000 0.0000 0.0000
# 4 texture coords

g Box18279
usemtl _crayfishdiffuse
s off
f -8/-4/-6 -7/-3/-6 -6/-2/-6 -5/-1/-6 
f -4/-1/-5 -3/-4/-5 -2/-3/-5 -1/-2/-5 
f -8/-1/-4 -5/-4/-4 -3/-3/-4 -4/-2/-4 
f -5/-1/-3 -6/-4/-3 -2/-3/-3 -3/-2/-3 
f -6/-1/-2 -7/-4/-2 -1/-3/-2 -2/-2/-2 
f -7/-1/-1 -8/-4/-1 -4/-3/-1 -1/-2/-1 
# 6 polygons

#
# object Box18280
#

v  302.3054 7.9004 132.1568
v  307.6241 7.9004 107.6150
v  314.9134 7.9004 109.1947
v  309.5947 7.9004 133.7366
v  302.3054 15.1174 132.1568
v  309.5947 15.1174 133.7366
v  314.9134 15.1174 109.1947
v  307.6241 15.1174 107.6150
# 8 vertices

vn 0.0000 -1.0000 -0.0000
vn 0.0000 1.0000 -0.0000
vn -0.2118 0.0000 0.9773
vn 0.9773 0.0000 0.2118
vn 0.2118 0.0000 -0.9773
vn -0.9773 0.0000 -0.2118
# 6 vertex normals

vt 1.0000 0.0000 0.0000
vt 1.0000 1.0000 0.0000
vt 0.0000 1.0000 0.0000
vt 0.0000 0.0000 0.0000
# 4 texture coords

g Box18280
usemtl _crayfishdiffuse
s off
f -8/-4/-6 -7/-3/-6 -6/-2/-6 -5/-1/-6 
f -4/-1/-5 -3/-4/-5 -2/-3/-5 -1/-2/-5 
f -8/-1/-4 -5/-4/-4 -3/-3/-4 -4/-2/-4 
f -5/-1/-3 -6/-4/-3 -2/-3/-3 -3/-2/-3 
f -6/-1/-2 -7/-4/-2 -1/-3/-2 -2/-2/-2 
f -7/-1/-1 -8/-4/-1 -4/-3/-1 -1/-2/-1 
# 6 polygons

#
# object Box18281
#

v  318.7429 7.9004 56.3131
v  324.0616 7.9004 31.7712
v  331.3509 7.9004 33.3510
v  326.0322 7.9004 57.8928
v  318.7429 15.1174 56.3131
v  326.0322 15.1174 57.8928
v  331.3509 15.1174 33.3510
v  324.0616 15.1174 31.7712
# 8 vertices

vn 0.0000 -1.0000 -0.0000
vn 0.0000 1.0000 -0.0000
vn -0.2118 0.0000 0.9773
vn 0.9773 0.0000 0.2118
vn 0.2118 0.0000 -0.9773
vn -0.9773 0.0000 -0.2118
# 6 vertex normals

vt 1.0000 0.0000 0.0000
vt 1.0000 1.0000 0.0000
vt 0.0000 1.0000 0.0000
vt 0.0000 0.0000 0.0000
# 4 texture coords

g Box18281
usemtl _crayfishdiffuse
s off
f -8/-4/-6 -7/-3/-6 -6/-2/-6 -5/-1/-6 
f -4/-1/-5 -3/-4/-5 -2/-3/-5 -1/-2/-5 
f -8/-1/-4 -5/-4/-4 -3/-3/-4 -4/-2/-4 
f -5/-1/-3 -6/-4/-3 -2/-3/-3 -3/-2/-3 
f -6/-1/-2 -7/-4/-2 -1/-3/-2 -2/-2/-2 
f -7/-1/-1 -8/-4/-1 -4/-3/-1 -1/-2/-1 
# 6 polygons

#
# object Box18282
#

v  286.9148 15.3320 181.2506
v  292.2335 15.3320 156.7087
v  299.5227 15.3320 158.2885
v  294.2040 15.3320 182.8303
v  286.9148 22.5491 181.2506
v  294.2040 22.5491 182.8303
v  299.5227 22.5491 158.2885
v  292.2335 22.5491 156.7087
# 8 vertices

vn 0.0000 -1.0000 -0.0000
vn 0.0000 1.0000 -0.0000
vn -0.2118 0.0000 0.9773
vn 0.9773 0.0000 0.2118
vn 0.2118 0.0000 -0.9773
vn -0.9773 0.0000 -0.2118
# 6 vertex normals

vt 1.0000 0.0000 0.0000
vt 1.0000 1.0000 0.0000
vt 0.0000 1.0000 0.0000
vt 0.0000 0.0000 0.0000
# 4 texture coords

g Box18282
usemtl _crayfishdiffuse
s off
f -8/-4/-6 -7/-3/-6 -6/-2/-6 -5/-1/-6 
f -4/-1/-5 -3/-4/-5 -2/-3/-5 -1/-2/-5 
f -8/-1/-4 -5/-4/-4 -3/-3/-4 -4/-2/-4 
f -5/-1/-3 -6/-4/-3 -2/-3/-3 -3/-2/-3 
f -6/-1/-2 -7/-4/-2 -1/-3/-2 -2/-2/-2 
f -7/-1/-1 -8/-4/-1 -4/-3/-1 -1/-2/-1 
# 6 polygons

#
# object Box18283
#

v  296.8835 7.9004 157.1881
v  302.2022 7.9004 132.6462
v  309.4915 7.9004 134.2260
v  304.1728 7.9004 158.7678
v  296.8835 15.1174 157.1881
v  304.1728 15.1174 158.7678
v  309.4915 15.1174 134.2260
v  302.2022 15.1174 132.6462
# 8 vertices

vn 0.0000 -1.0000 -0.0000
vn 0.0000 1.0000 -0.0000
vn -0.2118 0.0000 0.9773
vn 0.9773 0.0000 0.2118
vn 0.2118 0.0000 -0.9773
vn -0.9773 0.0000 -0.2118
# 6 vertex normals

vt 1.0000 0.0000 0.0000
vt 1.0000 1.0000 0.0000
vt 0.0000 1.0000 0.0000
vt 0.0000 0.0000 0.0000
# 4 texture coords

g Box18283
usemtl _crayfishdiffuse
s off
f -8/-4/-6 -7/-3/-6 -6/-2/-6 -5/-1/-6 
f -4/-1/-5 -3/-4/-5 -2/-3/-5 -1/-2/-5 
f -8/-1/-4 -5/-4/-4 -3/-3/-4 -4/-2/-4 
f -5/-1/-3 -6/-4/-3 -2/-3/-3 -3/-2/-3 
f -6/-1/-2 -7/-4/-2 -1/-3/-2 -2/-2/-2 
f -7/-1/-1 -8/-4/-1 -4/-3/-1 -1/-2/-1 
# 6 polygons

#
# object Box18284
#

v  314.0814 7.9004 -4.4876
v  338.6233 7.9004 0.8311
v  337.0436 7.9004 8.1204
v  312.5017 7.9004 2.8017
v  314.0814 15.1174 -4.4876
v  312.5017 15.1174 2.8017
v  337.0436 15.1174 8.1204
v  338.6233 15.1174 0.8311
# 8 vertices

vn 0.0000 -1.0000 -0.0000
vn 0.0000 1.0000 -0.0000
vn -0.9773 0.0000 -0.2118
vn -0.2118 0.0000 0.9773
vn 0.9773 0.0000 0.2118
vn 0.2118 0.0000 -0.9773
# 6 vertex normals

vt 1.0000 0.0000 0.0000
vt 1.0000 1.0000 0.0000
vt 0.0000 1.0000 0.0000
vt 0.0000 0.0000 0.0000
# 4 texture coords

g Box18284
usemtl _crayfishdiffuse
s off
f -8/-4/-6 -7/-3/-6 -6/-2/-6 -5/-1/-6 
f -4/-1/-5 -3/-4/-5 -2/-3/-5 -1/-2/-5 
f -8/-1/-4 -5/-4/-4 -3/-3/-4 -4/-2/-4 
f -5/-1/-3 -6/-4/-3 -2/-3/-3 -3/-2/-3 
f -6/-1/-2 -7/-4/-2 -1/-3/-2 -2/-2/-2 
f -7/-1/-1 -8/-4/-1 -4/-3/-1 -1/-2/-1 
# 6 polygons

#
# object Box18285
#

v  314.2116 15.3320 55.3287
v  319.5303 15.3320 30.7869
v  326.8196 15.3320 32.3666
v  321.5009 15.3320 56.9084
v  314.2116 22.5491 55.3287
v  321.5009 22.5491 56.9084
v  326.8196 22.5491 32.3666
v  319.5303 22.5491 30.7869
# 8 vertices

vn 0.0000 -1.0000 -0.0000
vn 0.0000 1.0000 -0.0000
vn -0.2118 0.0000 0.9773
vn 0.9773 0.0000 0.2118
vn 0.2118 0.0000 -0.9773
vn -0.9773 0.0000 -0.2118
# 6 vertex normals

vt 1.0000 0.0000 0.0000
vt 1.0000 1.0000 0.0000
vt 0.0000 1.0000 0.0000
vt 0.0000 0.0000 0.0000
# 4 texture coords

g Box18285
usemtl _crayfishdiffuse
s off
f -8/-4/-6 -7/-3/-6 -6/-2/-6 -5/-1/-6 
f -4/-1/-5 -3/-4/-5 -2/-3/-5 -1/-2/-5 
f -8/-1/-4 -5/-4/-4 -3/-3/-4 -4/-2/-4 
f -5/-1/-3 -6/-4/-3 -2/-3/-3 -3/-2/-3 
f -6/-1/-2 -7/-4/-2 -1/-3/-2 -2/-2/-2 
f -7/-1/-1 -8/-4/-1 -4/-3/-1 -1/-2/-1 
# 6 polygons

#
# object Box18286
#

v  52.6283 15.3320 231.3796
v  77.1702 15.3320 236.6983
v  75.5904 15.3320 243.9876
v  51.0486 15.3320 238.6689
v  52.6283 22.5491 231.3796
v  51.0486 22.5491 238.6689
v  75.5904 22.5491 243.9876
v  77.1702 22.5491 236.6983
# 8 vertices

vn 0.0000 -1.0000 -0.0000
vn 0.0000 1.0000 -0.0000
vn -0.9773 0.0000 -0.2118
vn -0.2118 0.0000 0.9773
vn 0.9773 0.0000 0.2118
vn 0.2118 0.0000 -0.9773
# 6 vertex normals

vt 1.0000 0.0000 0.0000
vt 1.0000 1.0000 0.0000
vt 0.0000 1.0000 0.0000
vt 0.0000 0.0000 0.0000
# 4 texture coords

g Box18286
usemtl _crayfishdiffuse
s off
f -8/-4/-6 -7/-3/-6 -6/-2/-6 -5/-1/-6 
f -4/-1/-5 -3/-4/-5 -2/-3/-5 -1/-2/-5 
f -8/-1/-4 -5/-4/-4 -3/-3/-4 -4/-2/-4 
f -5/-1/-3 -6/-4/-3 -2/-3/-3 -3/-2/-3 
f -6/-1/-2 -7/-4/-2 -1/-3/-2 -2/-2/-2 
f -7/-1/-1 -8/-4/-1 -4/-3/-1 -1/-2/-1 
# 6 polygons

#
# object Box18287
#

v  22.7741 15.3320 150.2272
v  28.0928 15.3320 125.6853
v  35.3821 15.3320 127.2650
v  30.0634 15.3320 151.8069
v  22.7741 22.5491 150.2272
v  30.0634 22.5491 151.8069
v  35.3821 22.5491 127.2650
v  28.0928 22.5491 125.6853
# 8 vertices

vn 0.0000 -1.0000 -0.0000
vn 0.0000 1.0000 -0.0000
vn -0.2118 0.0000 0.9773
vn 0.9773 0.0000 0.2118
vn 0.2118 0.0000 -0.9773
vn -0.9773 0.0000 -0.2118
# 6 vertex normals

vt 1.0000 0.0000 0.0000
vt 1.0000 1.0000 0.0000
vt 0.0000 1.0000 0.0000
vt 0.0000 0.0000 0.0000
# 4 texture coords

g Box18287
usemtl _crayfishdiffuse
s off
f -8/-4/-6 -7/-3/-6 -6/-2/-6 -5/-1/-6 
f -4/-1/-5 -3/-4/-5 -2/-3/-5 -1/-2/-5 
f -8/-1/-4 -5/-4/-4 -3/-3/-4 -4/-2/-4 
f -5/-1/-3 -6/-4/-3 -2/-3/-3 -3/-2/-3 
f -6/-1/-2 -7/-4/-2 -1/-3/-2 -2/-2/-2 
f -7/-1/-1 -8/-4/-1 -4/-3/-1 -1/-2/-1 
# 6 polygons

#
# object Box18288
#

v  39.0554 15.3320 75.1022
v  44.3741 15.3320 50.5603
v  51.6634 15.3320 52.1400
v  46.3447 15.3320 76.6819
v  39.0554 22.5491 75.1022
v  46.3447 22.5491 76.6819
v  51.6634 22.5491 52.1400
v  44.3741 22.5491 50.5603
# 8 vertices

vn 0.0000 -1.0000 -0.0000
vn 0.0000 1.0000 -0.0000
vn -0.2118 0.0000 0.9773
vn 0.9773 0.0000 0.2118
vn 0.2118 0.0000 -0.9773
vn -0.9773 0.0000 -0.2118
# 6 vertex normals

vt 1.0000 0.0000 0.0000
vt 1.0000 1.0000 0.0000
vt 0.0000 1.0000 0.0000
vt 0.0000 0.0000 0.0000
# 4 texture coords

g Box18288
usemtl _crayfishdiffuse
s off
f -8/-4/-6 -7/-3/-6 -6/-2/-6 -5/-1/-6 
f -4/-1/-5 -3/-4/-5 -2/-3/-5 -1/-2/-5 
f -8/-1/-4 -5/-4/-4 -3/-3/-4 -4/-2/-4 
f -5/-1/-3 -6/-4/-3 -2/-3/-3 -3/-2/-3 
f -6/-1/-2 -7/-4/-2 -1/-3/-2 -2/-2/-2 
f -7/-1/-1 -8/-4/-1 -4/-3/-1 -1/-2/-1 
# 6 polygons

#
# object Box18289
#

v  55.4773 15.3320 -0.7338
v  60.7960 15.3320 -25.2756
v  68.0852 15.3320 -23.6959
v  62.7665 15.3320 0.8459
v  55.4773 22.5491 -0.7338
v  62.7665 22.5491 0.8459
v  68.0852 22.5491 -23.6959
v  60.7960 22.5491 -25.2756
# 8 vertices

vn 0.0000 -1.0000 -0.0000
vn 0.0000 1.0000 -0.0000
vn -0.2118 0.0000 0.9773
vn 0.9773 0.0000 0.2118
vn 0.2118 0.0000 -0.9773
vn -0.9773 0.0000 -0.2118
# 6 vertex normals

vt 1.0000 0.0000 0.0000
vt 1.0000 1.0000 0.0000
vt 0.0000 1.0000 0.0000
vt 0.0000 0.0000 0.0000
# 4 texture coords

g Box18289
usemtl _crayfishdiffuse
s off
f -8/-4/-6 -7/-3/-6 -6/-2/-6 -5/-1/-6 
f -4/-1/-5 -3/-4/-5 -2/-3/-5 -1/-2/-5 
f -8/-1/-4 -5/-4/-4 -3/-3/-4 -4/-2/-4 
f -5/-1/-3 -6/-4/-3 -2/-3/-3 -3/-2/-3 
f -6/-1/-2 -7/-4/-2 -1/-3/-2 -2/-2/-2 
f -7/-1/-1 -8/-4/-1 -4/-3/-1 -1/-2/-1 
# 6 polygons

#
# object Box18290
#

v  44.4929 15.3320 50.0475
v  49.8116 15.3320 25.5056
v  57.1009 15.3320 27.0853
v  51.7822 15.3320 51.6272
v  44.4929 22.5491 50.0475
v  51.7822 22.5491 51.6272
v  57.1009 22.5491 27.0853
v  49.8116 22.5491 25.5056
# 8 vertices

vn 0.0000 -1.0000 -0.0000
vn 0.0000 1.0000 -0.0000
vn -0.2118 0.0000 0.9773
vn 0.9773 0.0000 0.2118
vn 0.2118 0.0000 -0.9773
vn -0.9773 0.0000 -0.2118
# 6 vertex normals

vt 1.0000 0.0000 0.0000
vt 1.0000 1.0000 0.0000
vt 0.0000 1.0000 0.0000
vt 0.0000 0.0000 0.0000
# 4 texture coords

g Box18290
usemtl _crayfishdiffuse
s off
f -8/-4/-6 -7/-3/-6 -6/-2/-6 -5/-1/-6 
f -4/-1/-5 -3/-4/-5 -2/-3/-5 -1/-2/-5 
f -8/-1/-4 -5/-4/-4 -3/-3/-4 -4/-2/-4 
f -5/-1/-3 -6/-4/-3 -2/-3/-3 -3/-2/-3 
f -6/-1/-2 -7/-4/-2 -1/-3/-2 -2/-2/-2 
f -7/-1/-1 -8/-4/-1 -4/-3/-1 -1/-2/-1 
# 6 polygons

#
# object Box18291
#

v  17.3523 15.3320 175.2740
v  22.6710 15.3320 150.7322
v  29.9602 15.3320 152.3119
v  24.6415 15.3320 176.8538
v  17.3523 22.5491 175.2740
v  24.6415 22.5491 176.8538
v  29.9602 22.5491 152.3119
v  22.6710 22.5491 150.7322
# 8 vertices

vn 0.0000 -1.0000 -0.0000
vn 0.0000 1.0000 -0.0000
vn -0.2118 0.0000 0.9773
vn 0.9773 0.0000 0.2118
vn 0.2118 0.0000 -0.9773
vn -0.9773 0.0000 -0.2118
# 6 vertex normals

vt 1.0000 0.0000 0.0000
vt 1.0000 1.0000 0.0000
vt 0.0000 1.0000 0.0000
vt 0.0000 0.0000 0.0000
# 4 texture coords

g Box18291
usemtl _crayfishdiffuse
s off
f -8/-4/-6 -7/-3/-6 -6/-2/-6 -5/-1/-6 
f -4/-1/-5 -3/-4/-5 -2/-3/-5 -1/-2/-5 
f -8/-1/-4 -5/-4/-4 -3/-3/-4 -4/-2/-4 
f -5/-1/-3 -6/-4/-3 -2/-3/-3 -3/-2/-3 
f -6/-1/-2 -7/-4/-2 -1/-3/-2 -2/-2/-2 
f -7/-1/-1 -8/-4/-1 -4/-3/-1 -1/-2/-1 
# 6 polygons

#
# object Box18292
#

v  313.2429 7.9004 81.7272
v  318.5616 7.9004 57.1853
v  325.8509 7.9004 58.7650
v  320.5322 7.9004 83.3069
v  313.2429 15.1174 81.7272
v  320.5322 15.1174 83.3069
v  325.8509 15.1174 58.7650
v  318.5616 15.1174 57.1853
# 8 vertices

vn 0.0000 -1.0000 -0.0000
vn 0.0000 1.0000 -0.0000
vn -0.2118 0.0000 0.9773
vn 0.9773 0.0000 0.2118
vn 0.2118 0.0000 -0.9773
vn -0.9773 0.0000 -0.2118
# 6 vertex normals

vt 1.0000 0.0000 0.0000
vt 1.0000 1.0000 0.0000
vt 0.0000 1.0000 0.0000
vt 0.0000 0.0000 0.0000
# 4 texture coords

g Box18292
usemtl _crayfishdiffuse
s off
f -8/-4/-6 -7/-3/-6 -6/-2/-6 -5/-1/-6 
f -4/-1/-5 -3/-4/-5 -2/-3/-5 -1/-2/-5 
f -8/-1/-4 -5/-4/-4 -3/-3/-4 -4/-2/-4 
f -5/-1/-3 -6/-4/-3 -2/-3/-3 -3/-2/-3 
f -6/-1/-2 -7/-4/-2 -1/-3/-2 -2/-2/-2 
f -7/-1/-1 -8/-4/-1 -4/-3/-1 -1/-2/-1 
# 6 polygons

#
# object Box18293
#

v  270.6335 15.3320 256.3834
v  275.9522 15.3320 231.8416
v  283.2415 15.3320 233.4213
v  277.9228 15.3320 257.9631
v  270.6335 22.5491 256.3834
v  277.9228 22.5491 257.9631
v  283.2415 22.5491 233.4213
v  275.9522 22.5491 231.8416
# 8 vertices

vn 0.0000 -1.0000 -0.0000
vn 0.0000 1.0000 -0.0000
vn -0.2118 0.0000 0.9773
vn 0.9773 0.0000 0.2118
vn 0.2118 0.0000 -0.9773
vn -0.9773 0.0000 -0.2118
# 6 vertex normals

vt 1.0000 0.0000 0.0000
vt 1.0000 1.0000 0.0000
vt 0.0000 1.0000 0.0000
vt 0.0000 0.0000 0.0000
# 4 texture coords

g Box18293
usemtl _crayfishdiffuse
s off
f -8/-4/-6 -7/-3/-6 -6/-2/-6 -5/-1/-6 
f -4/-1/-5 -3/-4/-5 -2/-3/-5 -1/-2/-5 
f -8/-1/-4 -5/-4/-4 -3/-3/-4 -4/-2/-4 
f -5/-1/-3 -6/-4/-3 -2/-3/-3 -3/-2/-3 
f -6/-1/-2 -7/-4/-2 -1/-3/-2 -2/-2/-2 
f -7/-1/-1 -8/-4/-1 -4/-3/-1 -1/-2/-1 
# 6 polygons

#
# object Box18294
#

v  262.7220 15.3320 -10.5032
v  287.2639 15.3320 -5.1845
v  285.6842 15.3320 2.1048
v  261.1423 15.3320 -3.2139
v  262.7220 22.5491 -10.5032
v  261.1423 22.5491 -3.2139
v  285.6842 22.5491 2.1048
v  287.2639 22.5491 -5.1845
# 8 vertices

vn 0.0000 -1.0000 -0.0000
vn 0.0000 1.0000 -0.0000
vn -0.9773 0.0000 -0.2118
vn -0.2118 0.0000 0.9773
vn 0.9773 0.0000 0.2118
vn 0.2118 0.0000 -0.9773
# 6 vertex normals

vt 1.0000 0.0000 0.0000
vt 1.0000 1.0000 0.0000
vt 0.0000 1.0000 0.0000
vt 0.0000 0.0000 0.0000
# 4 texture coords

g Box18294
usemtl _crayfishdiffuse
s off
f -8/-4/-6 -7/-3/-6 -6/-2/-6 -5/-1/-6 
f -4/-1/-5 -3/-4/-5 -2/-3/-5 -1/-2/-5 
f -8/-1/-4 -5/-4/-4 -3/-3/-4 -4/-2/-4 
f -5/-1/-3 -6/-4/-3 -2/-3/-3 -3/-2/-3 
f -6/-1/-2 -7/-4/-2 -1/-3/-2 -2/-2/-2 
f -7/-1/-1 -8/-4/-1 -4/-3/-1 -1/-2/-1 
# 6 polygons

#
# object Box18295
#

v  67.3912 15.3320 -52.8286
v  85.5636 15.3320 -48.8903
v  83.9838 15.3320 -41.6011
v  65.8114 15.3320 -45.5394
v  67.3912 22.5491 -52.8286
v  65.8114 22.5491 -45.5394
v  83.9838 22.5491 -41.6011
v  85.5636 22.5491 -48.8903
# 8 vertices

vn 0.0000 -1.0000 -0.0000
vn 0.0000 1.0000 -0.0000
vn -0.9773 0.0000 -0.2118
vn -0.2118 0.0000 0.9773
vn 0.9773 0.0000 0.2118
vn 0.2118 0.0000 -0.9773
# 6 vertex normals

vt 1.0000 0.0000 0.0000
vt 1.0000 1.0000 0.0000
vt 0.0000 1.0000 0.0000
vt 0.0000 0.0000 0.0000
# 4 texture coords

g Box18295
usemtl _crayfishdiffuse
s off
f -8/-4/-6 -7/-3/-6 -6/-2/-6 -5/-1/-6 
f -4/-1/-5 -3/-4/-5 -2/-3/-5 -1/-2/-5 
f -8/-1/-4 -5/-4/-4 -3/-3/-4 -4/-2/-4 
f -5/-1/-3 -6/-4/-3 -2/-3/-3 -3/-2/-3 
f -6/-1/-2 -7/-4/-2 -1/-3/-2 -2/-2/-2 
f -7/-1/-1 -8/-4/-1 -4/-3/-1 -1/-2/-1 
# 6 polygons

#
# object Box18296
#

v  87.0658 15.3320 -48.5423
v  111.6077 15.3320 -43.2236
v  110.0279 15.3320 -35.9343
v  85.4861 15.3320 -41.2530
v  87.0658 22.5491 -48.5423
v  85.4861 22.5491 -41.2530
v  110.0279 22.5491 -35.9343
v  111.6077 22.5491 -43.2236
# 8 vertices

vn 0.0000 -1.0000 -0.0000
vn 0.0000 1.0000 -0.0000
vn -0.9773 0.0000 -0.2118
vn -0.2118 0.0000 0.9773
vn 0.9773 0.0000 0.2118
vn 0.2118 0.0000 -0.9773
# 6 vertex normals

vt 1.0000 0.0000 0.0000
vt 1.0000 1.0000 0.0000
vt 0.0000 1.0000 0.0000
vt 0.0000 0.0000 0.0000
# 4 texture coords

g Box18296
usemtl _crayfishdiffuse
s off
f -8/-4/-6 -7/-3/-6 -6/-2/-6 -5/-1/-6 
f -4/-1/-5 -3/-4/-5 -2/-3/-5 -1/-2/-5 
f -8/-1/-4 -5/-4/-4 -3/-3/-4 -4/-2/-4 
f -5/-1/-3 -6/-4/-3 -2/-3/-3 -3/-2/-3 
f -6/-1/-2 -7/-4/-2 -1/-3/-2 -2/-2/-2 
f -7/-1/-1 -8/-4/-1 -4/-3/-1 -1/-2/-1 
# 6 polygons

#
# object Box18297
#

v  212.3002 15.3320 -21.4251
v  236.8420 15.3320 -16.1064
v  235.2623 15.3320 -8.8171
v  210.7205 15.3320 -14.1358
v  212.3002 22.5491 -21.4251
v  210.7205 22.5491 -14.1358
v  235.2623 22.5491 -8.8171
v  236.8420 22.5491 -16.1064
# 8 vertices

vn 0.0000 -1.0000 -0.0000
vn 0.0000 1.0000 -0.0000
vn -0.9773 0.0000 -0.2118
vn -0.2118 0.0000 0.9773
vn 0.9773 0.0000 0.2118
vn 0.2118 0.0000 -0.9773
# 6 vertex normals

vt 1.0000 0.0000 0.0000
vt 1.0000 1.0000 0.0000
vt 0.0000 1.0000 0.0000
vt 0.0000 0.0000 0.0000
# 4 texture coords

g Box18297
usemtl _crayfishdiffuse
s off
f -8/-4/-6 -7/-3/-6 -6/-2/-6 -5/-1/-6 
f -4/-1/-5 -3/-4/-5 -2/-3/-5 -1/-2/-5 
f -8/-1/-4 -5/-4/-4 -3/-3/-4 -4/-2/-4 
f -5/-1/-3 -6/-4/-3 -2/-3/-3 -3/-2/-3 
f -6/-1/-2 -7/-4/-2 -1/-3/-2 -2/-2/-2 
f -7/-1/-1 -8/-4/-1 -4/-3/-1 -1/-2/-1 
# 6 polygons

#
# object Box18298
#

v  237.3314 15.3320 -15.9876
v  261.8733 15.3320 -10.6689
v  260.2936 15.3320 -3.3796
v  235.7517 15.3320 -8.6983
v  237.3314 22.5491 -15.9876
v  235.7517 22.5491 -8.6983
v  260.2936 22.5491 -3.3796
v  261.8733 22.5491 -10.6689
# 8 vertices

vn 0.0000 -1.0000 -0.0000
vn 0.0000 1.0000 -0.0000
vn -0.9773 0.0000 -0.2118
vn -0.2118 0.0000 0.9773
vn 0.9773 0.0000 0.2118
vn 0.2118 0.0000 -0.9773
# 6 vertex normals

vt 1.0000 0.0000 0.0000
vt 1.0000 1.0000 0.0000
vt 0.0000 1.0000 0.0000
vt 0.0000 0.0000 0.0000
# 4 texture coords

g Box18298
usemtl _crayfishdiffuse
s off
f -8/-4/-6 -7/-3/-6 -6/-2/-6 -5/-1/-6 
f -4/-1/-5 -3/-4/-5 -2/-3/-5 -1/-2/-5 
f -8/-1/-4 -5/-4/-4 -3/-3/-4 -4/-2/-4 
f -5/-1/-3 -6/-4/-3 -2/-3/-3 -3/-2/-3 
f -6/-1/-2 -7/-4/-2 -1/-3/-2 -2/-2/-2 
f -7/-1/-1 -8/-4/-1 -4/-3/-1 -1/-2/-1 
# 6 polygons

#
# object Box18299
#

v  51.6439 7.9004 235.9031
v  76.1858 7.9004 241.2218
v  74.6061 7.9004 248.5110
v  50.0642 7.9004 243.1923
v  51.6439 15.1174 235.9031
v  50.0642 15.1174 243.1923
v  74.6061 15.1174 248.5110
v  76.1858 15.1174 241.2218
# 8 vertices

vn 0.0000 -1.0000 -0.0000
vn 0.0000 1.0000 -0.0000
vn -0.9773 0.0000 -0.2118
vn -0.2118 0.0000 0.9773
vn 0.9773 0.0000 0.2118
vn 0.2118 0.0000 -0.9773
# 6 vertex normals

vt 1.0000 0.0000 0.0000
vt 1.0000 1.0000 0.0000
vt 0.0000 1.0000 0.0000
vt 0.0000 0.0000 0.0000
# 4 texture coords

g Box18299
usemtl _crayfishdiffuse
s off
f -8/-4/-6 -7/-3/-6 -6/-2/-6 -5/-1/-6 
f -4/-1/-5 -3/-4/-5 -2/-3/-5 -1/-2/-5 
f -8/-1/-4 -5/-4/-4 -3/-3/-4 -4/-2/-4 
f -5/-1/-3 -6/-4/-3 -2/-3/-3 -3/-2/-3 
f -6/-1/-2 -7/-4/-2 -1/-3/-2 -2/-2/-2 
f -7/-1/-1 -8/-4/-1 -4/-3/-1 -1/-2/-1 
# 6 polygons

#
# object Box18300
#

v  28.2116 15.3320 125.1803
v  33.5303 15.3320 100.6384
v  40.8196 15.3320 102.2182
v  35.5009 15.3320 126.7600
v  28.2116 22.5491 125.1803
v  35.5009 22.5491 126.7600
v  40.8196 22.5491 102.2182
v  33.5303 22.5491 100.6384
# 8 vertices

vn 0.0000 -1.0000 -0.0000
vn 0.0000 1.0000 -0.0000
vn -0.2118 0.0000 0.9773
vn 0.9773 0.0000 0.2118
vn 0.2118 0.0000 -0.9773
vn -0.9773 0.0000 -0.2118
# 6 vertex normals

vt 1.0000 0.0000 0.0000
vt 1.0000 1.0000 0.0000
vt 0.0000 1.0000 0.0000
vt 0.0000 0.0000 0.0000
# 4 texture coords

g Box18300
usemtl _crayfishdiffuse
s off
f -8/-4/-6 -7/-3/-6 -6/-2/-6 -5/-1/-6 
f -4/-1/-5 -3/-4/-5 -2/-3/-5 -1/-2/-5 
f -8/-1/-4 -5/-4/-4 -3/-3/-4 -4/-2/-4 
f -5/-1/-3 -6/-4/-3 -2/-3/-3 -3/-2/-3 
f -6/-1/-2 -7/-4/-2 -1/-3/-2 -2/-2/-2 
f -7/-1/-1 -8/-4/-1 -4/-3/-1 -1/-2/-1 
# 6 polygons

#
# object Box18301
#

v  265.1960 15.3320 281.4147
v  270.5147 15.3320 256.8728
v  277.8040 15.3320 258.4525
v  272.4853 15.3320 282.9944
v  265.1960 22.5491 281.4147
v  272.4853 22.5491 282.9944
v  277.8040 22.5491 258.4525
v  270.5147 22.5491 256.8728
# 8 vertices

vn 0.0000 -1.0000 -0.0000
vn 0.0000 1.0000 -0.0000
vn -0.2118 0.0000 0.9773
vn 0.9773 0.0000 0.2118
vn 0.2118 0.0000 -0.9773
vn -0.9773 0.0000 -0.2118
# 6 vertex normals

vt 1.0000 0.0000 0.0000
vt 1.0000 1.0000 0.0000
vt 0.0000 1.0000 0.0000
vt 0.0000 0.0000 0.0000
# 4 texture coords

g Box18301
usemtl _crayfishdiffuse
s off
f -8/-4/-6 -7/-3/-6 -6/-2/-6 -5/-1/-6 
f -4/-1/-5 -3/-4/-5 -2/-3/-5 -1/-2/-5 
f -8/-1/-4 -5/-4/-4 -3/-3/-4 -4/-2/-4 
f -5/-1/-3 -6/-4/-3 -2/-3/-3 -3/-2/-3 
f -6/-1/-2 -7/-4/-2 -1/-3/-2 -2/-2/-2 
f -7/-1/-1 -8/-4/-1 -4/-3/-1 -1/-2/-1 
# 6 polygons

#
# object Box18302
#

v  126.7846 7.9004 252.1999
v  151.3264 7.9004 257.5186
v  149.7467 7.9004 264.8079
v  125.2048 7.9004 259.4892
v  126.7846 15.1174 252.1999
v  125.2048 15.1174 259.4892
v  149.7467 15.1174 264.8079
v  151.3264 15.1174 257.5186
# 8 vertices

vn 0.0000 -1.0000 -0.0000
vn 0.0000 1.0000 -0.0000
vn -0.9773 0.0000 -0.2118
vn -0.2118 0.0000 0.9773
vn 0.9773 0.0000 0.2118
vn 0.2118 0.0000 -0.9773
# 6 vertex normals

vt 1.0000 0.0000 0.0000
vt 1.0000 1.0000 0.0000
vt 0.0000 1.0000 0.0000
vt 0.0000 0.0000 0.0000
# 4 texture coords

g Box18302
usemtl _crayfishdiffuse
s off
f -8/-4/-6 -7/-3/-6 -6/-2/-6 -5/-1/-6 
f -4/-1/-5 -3/-4/-5 -2/-3/-5 -1/-2/-5 
f -8/-1/-4 -5/-4/-4 -3/-3/-4 -4/-2/-4 
f -5/-1/-3 -6/-4/-3 -2/-3/-3 -3/-2/-3 
f -6/-1/-2 -7/-4/-2 -1/-3/-2 -2/-2/-2 
f -7/-1/-1 -8/-4/-1 -4/-3/-1 -1/-2/-1 
# 6 polygons

#
# object Box18303
#

v  60.8991 15.3320 -25.6322
v  66.2178 15.3320 -50.1741
v  73.5071 15.3320 -48.5943
v  68.1884 15.3320 -24.0525
v  60.8991 22.5491 -25.6322
v  68.1884 22.5491 -24.0525
v  73.5071 22.5491 -48.5943
v  66.2178 22.5491 -50.1741
# 8 vertices

vn 0.0000 -1.0000 -0.0000
vn 0.0000 1.0000 -0.0000
vn -0.2118 0.0000 0.9773
vn 0.9773 0.0000 0.2118
vn 0.2118 0.0000 -0.9773
vn -0.9773 0.0000 -0.2118
# 6 vertex normals

vt 1.0000 0.0000 0.0000
vt 1.0000 1.0000 0.0000
vt 0.0000 1.0000 0.0000
vt 0.0000 0.0000 0.0000
# 4 texture coords

g Box18303
usemtl _crayfishdiffuse
s off
f -8/-4/-6 -7/-3/-6 -6/-2/-6 -5/-1/-6 
f -4/-1/-5 -3/-4/-5 -2/-3/-5 -1/-2/-5 
f -8/-1/-4 -5/-4/-4 -3/-3/-4 -4/-2/-4 
f -5/-1/-3 -6/-4/-3 -2/-3/-3 -3/-2/-3 
f -6/-1/-2 -7/-4/-2 -1/-3/-2 -2/-2/-2 
f -7/-1/-1 -8/-4/-1 -4/-3/-1 -1/-2/-1 
# 6 polygons

#
# object Box18304
#

v  313.2314 15.3320 0.4729
v  332.4420 15.3320 4.6362
v  330.8623 15.3320 11.9255
v  311.6517 15.3320 7.7622
v  313.2314 22.5491 0.4729
v  311.6517 22.5491 7.7622
v  330.8623 22.5491 11.9255
v  332.4420 22.5491 4.6362
# 8 vertices

vn 0.0000 -1.0000 -0.0000
vn 0.0000 1.0000 -0.0000
vn -0.9773 0.0000 -0.2118
vn -0.2118 0.0000 0.9773
vn 0.9773 0.0000 0.2118
vn 0.2118 0.0000 -0.9773
# 6 vertex normals

vt 1.0000 0.0000 0.0000
vt 1.0000 1.0000 0.0000
vt 0.0000 1.0000 0.0000
vt 0.0000 0.0000 0.0000
# 4 texture coords

g Box18304
usemtl _crayfishdiffuse
s off
f -8/-4/-6 -7/-3/-6 -6/-2/-6 -5/-1/-6 
f -4/-1/-5 -3/-4/-5 -2/-3/-5 -1/-2/-5 
f -8/-1/-4 -5/-4/-4 -3/-3/-4 -4/-2/-4 
f -5/-1/-3 -6/-4/-3 -2/-3/-3 -3/-2/-3 
f -6/-1/-2 -7/-4/-2 -1/-3/-2 -2/-2/-2 
f -7/-1/-1 -8/-4/-1 -4/-3/-1 -1/-2/-1 
# 6 polygons

#
# object Box18305
#

v  26.5971 7.9004 230.4890
v  51.1389 7.9004 235.8077
v  49.5592 7.9004 243.0969
v  25.0173 7.9004 237.7782
v  26.5971 15.1174 230.4890
v  25.0173 15.1174 237.7782
v  49.5592 15.1174 243.0969
v  51.1389 15.1174 235.8077
# 8 vertices

vn 0.0000 -1.0000 -0.0000
vn 0.0000 1.0000 -0.0000
vn -0.9773 0.0000 -0.2118
vn -0.2118 0.0000 0.9773
vn 0.9773 0.0000 0.2118
vn 0.2118 0.0000 -0.9773
# 6 vertex normals

vt 1.0000 0.0000 0.0000
vt 1.0000 1.0000 0.0000
vt 0.0000 1.0000 0.0000
vt 0.0000 0.0000 0.0000
# 4 texture coords

g Box18305
usemtl _crayfishdiffuse
s off
f -8/-4/-6 -7/-3/-6 -6/-2/-6 -5/-1/-6 
f -4/-1/-5 -3/-4/-5 -2/-3/-5 -1/-2/-5 
f -8/-1/-4 -5/-4/-4 -3/-3/-4 -4/-2/-4 
f -5/-1/-3 -6/-4/-3 -2/-3/-3 -3/-2/-3 
f -6/-1/-2 -7/-4/-2 -1/-3/-2 -2/-2/-2 
f -7/-1/-1 -8/-4/-1 -4/-3/-1 -1/-2/-1 
# 6 polygons

#
# object Box18306
#

v  176.8627 7.9004 263.0359
v  201.4045 7.9004 268.3546
v  199.8248 7.9004 275.6438
v  175.2830 7.9004 270.3251
v  176.8627 15.1174 263.0359
v  175.2830 15.1174 270.3251
v  199.8248 15.1174 275.6438
v  201.4045 15.1174 268.3546
# 8 vertices

vn 0.0000 -1.0000 -0.0000
vn 0.0000 1.0000 -0.0000
vn -0.9773 0.0000 -0.2118
vn -0.2118 0.0000 0.9773
vn 0.9773 0.0000 0.2118
vn 0.2118 0.0000 -0.9773
# 6 vertex normals

vt 1.0000 0.0000 0.0000
vt 1.0000 1.0000 0.0000
vt 0.0000 1.0000 0.0000
vt 0.0000 0.0000 0.0000
# 4 texture coords

g Box18306
usemtl _crayfishdiffuse
s off
f -8/-4/-6 -7/-3/-6 -6/-2/-6 -5/-1/-6 
f -4/-1/-5 -3/-4/-5 -2/-3/-5 -1/-2/-5 
f -8/-1/-4 -5/-4/-4 -3/-3/-4 -4/-2/-4 
f -5/-1/-3 -6/-4/-3 -2/-3/-3 -3/-2/-3 
f -6/-1/-2 -7/-4/-2 -1/-3/-2 -2/-2/-2 
f -7/-1/-1 -8/-4/-1 -4/-3/-1 -1/-2/-1 
# 6 polygons

#
# object Box18307
#

v  127.7533 15.3320 247.6609
v  152.2952 15.3320 252.9796
v  150.7154 15.3320 260.2688
v  126.1736 15.3320 254.9501
v  127.7533 22.5491 247.6609
v  126.1736 22.5491 254.9501
v  150.7154 22.5491 260.2688
v  152.2952 22.5491 252.9796
# 8 vertices

vn 0.0000 -1.0000 -0.0000
vn 0.0000 1.0000 -0.0000
vn -0.9773 0.0000 -0.2118
